222222222222222333333333333333333333333333
205202020000000333333311C11333333111133333
200200020200000003333111111133331111113333
202202020200200003111111111111111111111133
200002020200200003133111111133331111113333
202202720202220003133311111333343111134333
202202000200000003133333333333343333334333
202222022200000003133333333333343333334303
200200000200400003111111111113343333334303
222202220004440003133333133313343333334303
200200000044444003332223332222240033004003
200200200004440000000000000000444444444003
200200200000400000000000000000400200000203
200200200000000002220002222000400000020203
200000000000000000000000000000402020220203
202222202220000000000000000000400000000003
200000000000000004444444444000003333333333
200000000400202004000000004000403111111B13
202002000400000004020000204444403131131113
202002000400202000000000004000003133333333
202002000400000004000000004000303111111113
202002000402222004020000200000303133331333
200000000400000004000000004030303111111113
200000000002222004444004444030303331133333
222222200222222222000000004030300000000003
222222002222202222202220004030000000000003
202020002222000222202220004030003333333333
300020002220000022200000804000000003000003
300020002222000222202000004000000003000003
300000000222202222002000004440444403033333
300000000000000000000000000000000400000003
333333333000033333330033330000000433333303
31111A113000030000000000030000000433333333
313311113000030000000020030044444444334433
313311113000030200440020030044344444334433
311111113003030000440020030044443344334433
311111113003000000000000030044443344334433
311111133333002000002220030044444444334433
311111111333002044400200030044444444334433
311111111333002000000200030044444444444433
311111111100000000000000033344444444444433
333333333333333333333333333333333333333333