0000000000000000000000000000
0111000000000000000001110000
0111000000001110000001110000
0010000111111410000001110000
0010000100001110000000100000
0011111100000000000000100000
0010000000000000000000100000
0010000000000000000111111100
0010000000011111000111111100
0011111100011111000111111100
0001000100011111000111111100
0001000100000100000000100000
0011100100000100000000100000
0011100100000100000011111000
0011100100000100000010001000
0000000111111111111110001000
0000000100000000000010001000
0000000100000000000010001000
0011100100111000001111001000
0011111111111000001111001000
0011100100111000001111001000
0000000100000000000000001000
0000000100000011111111111000
0000001111000010000000000000
0000001111000010000000000000
0000001111001111100000000000
0000000000001131100000000000
0000000000000000000000000000