0000000000000000000000000000
0011111000001110000000000000
0011111111001410001111000000
0011111001001110000001000000
0000100001000100000001011110
0000100001111111111001111110
0000100000000100001000011110
0011111000000000001000011110
0011111111111111111000000100
0011111000000000000000000100
0000100000000011111111000100
0000100000000011111111000100
0000100111110011111111000100
0011111111111110001000000100
0000000111110000001000000100
0000100001000000111110000100
0000100001000000111111111100
0000100001111100111110000100
0011110001000100001000000100
0010010001000100001000000100
0010010011111111111111111100
0010000000000000001000010000
0011111100111111111111010000
0010011100100100001000010000
0010011100100100001001111100
0010011111101310001111111100
0000000000001110000000000000
0000000000000000000000000000