0000000000000000000000000000
0000000000000000000000000000
0000000000000000000000000000
0001111111111111111111111000
0001000000000001000000001000
0001000000000001000000001000
0001001110111011101110001000
0001001111111011101110001000
0001001110111011101110001000
0001000000010001000100001000
0001001110010001000101101000
0001111111111111111111101000
0001001110010000000101101000
0001000100010000000100001000
0001001110111011101110001000
0001001110111111101110001000
0001001110111011101110001000
0001000100000001000000001000
0001001110000111110011101000
0001001110000114110011101000
0001000000000000000001001000
0001111111111111111111111000
0000001000000010000001000000
0000001000000010000001000000
0000111110001111100111110000
0000111110001131100111110000
0000111110001111100111110000
0000000000000000000000000000